6344 international standard covering materials sizes tests regarding sandpaper similar coated abrasives
three parts

634411998 grain size distribution test
634421998 determination grain size distribution macrogrits p220
634431998 determination grain size distribution microgrits p240 p2500

external linksedit

isoorg












standards standard number




list standards romanizations standards



1–9999



























































1000
1004
1007
10731
1413
1538
1745
1989
2014
2015
2022
2047
2108
2145
2146
2240
2281
2709
2711
2788
2848
2852
3029
3103
3166






3297
3307
3602
3864
3901
3977
4031
4157
4217
4909
5218
5428
5775
5776
5800
5964
6166
6344
6346
6385
6425
6429
6438
6523
6709
7001
7002
7098
7185
7200
7498
7736
7810
7811
7812
7813
7816
8000
8178
8217
8571
8583
8601
8632
8652
8691
8807
88205
8859




















8879
90009001
9075
9126
9293
9241
9362
9407
9506
9529
9564
9594
9660
9897
9899
9945
9984
9985
9995





10000–19999



10005
10006
10007
10116
101183
10160
10161
10165
10179
10206
10218
10303








10383
10487
10585
10589
10646
10664
10746
10861
10957
10962
10967
11073
11170
11179
11404
11544
11783
11784
11785
11801
11898
11940
11941
11941
11992
12006
12182
12207
122342
13211





13216
13250
13399
134062
13450
13485
13490
13567
13568
13584
13616
14000
14031
14224
14289
14396
14443
14496












14644
14649
14651
14698
14750
14764
14882
14971
15022
15189
15288
15291
15292
15398
15408
15444




15445
15438
15504
15511
15686
15693
15706




15707
15897
15919
15924
15926
15926
15930
16023
16262
166122
16750
16949
17024
17025
17100
17203
17369
17442
17799
18000
18004
18014
18245
18629
18916
19005
19011
19092

19114
19115
19125
19136
19439
19500
19501
19502
19503
19505
19506
19507
19508
19509
19510
196002014
19752
19757
19770
197751
197945
19831





20000



20000
20022
20121
20400
21000
21047
21500
218272002
22000
23270
23271
23360
24517
24613
24617
24707
25178
25964
26000
26300
26324
27000 series
27000
270012005
270012013
27002
27006
27729
28000
29110
29148
291992
29500
30170
31000
32000
38500
40500
42010
55000
80000














category












article relies much references primary sources please improve adding secondary tertiary sources 2007 learn remove template message






standards measurementrelated article stub help wikipedia expanding















retrieved httpsenwikipediaorgwindexphptitleiso6344oldid676586561 categories standardsstandards measurement stubshidden categories articles lacking reliable references 2007all articles lacking reliable referencesall stub articles
